
[ 1s ] thds: 500 eps: 6490.50 lat (ms,95%): 240.02
[ 2s ] thds: 500 eps: 6413.29 lat (ms,95%): 267.41
[ 3s ] thds: 500 eps: 6778.84 lat (ms,95%): 253.35
[ 4s ] thds: 500 eps: 6630.10 lat (ms,95%): 262.64
[ 5s ] thds: 500 eps: 6746.08 lat (ms,95%): 257.95
[ 6s ] thds: 500 eps: 6725.93 lat (ms,95%): 257.95
 8  0 110896  64320 104916 241680    0    0     0     0  325 723549 15 85  0  0  0

11  0 110896  64128 104916 241680    0    0     0     0  325 726463 22 78  0  0  0

11  0 110896  64128 104916 241680    8    0     8     0  328 701151 14 86  0  0  0

 7  0 110896  64128 104916 241680    4    0     4     0  323 685624 17 83  0  0  0

 7  0 110896  64128 104916 241680    0    0     0     0  325 683744 19 81  0  0  0

 0  0 110896  84392 104772 233104    0    0   100     0  206 157671  3 23 74  0  0
