
[ 1s ] thds: 500 eps: 6436.75 lat (ms,95%): 257.95
[ 2s ] thds: 500 eps: 6551.12 lat (ms,95%): 272.27
[ 3s ] thds: 500 eps: 6765.35 lat (ms,95%): 262.64
[ 4s ] thds: 500 eps: 6658.02 lat (ms,95%): 262.64
[ 5s ] thds: 500 eps: 6698.79 lat (ms,95%): 262.64
[ 6s ] thds: 500 eps: 6639.21 lat (ms,95%): 262.64
[ 7s ] thds: 500 eps: 6510.79 lat (ms,95%): 272.27
 5  0 113264  47944 109368 251368    5    8    78   284   77   36  1  0 99  0  0

 8  0 113264  47944 109368 251424    0    0     0     0  391 794342 15 85  0  0  0

 8  0 113264  47976 109368 251424    0    0     0     0  333 710781 11 89  0  0  0

 8  0 113264  47340 109368 252264    0    0     0     0  340 726239 12 88  0  0  0

 7  0 113264  46380 109760 252828    0    0   568    28  349 718542 16 84  0  0  0

 9  0 113264  52788 109772 252860    0    0     0     0  337 701806 20 80  0  0  0

 0  0 113264  66932 110564 243124    0    0  1192     0  186 9021  1  3 95  1  0
