
[ 1s ] thds: 500 eps: 6489.36 lat (ms,95%): 262.64
[ 2s ] thds: 500 eps: 6658.49 lat (ms,95%): 262.64
[ 3s ] thds: 500 eps: 6770.94 lat (ms,95%): 253.35
[ 4s ] thds: 500 eps: 6626.84 lat (ms,95%): 272.27
[ 5s ] thds: 500 eps: 6188.06 lat (ms,95%): 272.27
[ 6s ] thds: 500 eps: 6550.61 lat (ms,95%): 262.64
 7  0 101964  13592 188576 216136    0    0     0     0  354 781643 18 82  0  0  0

 8  0 101964  12628 188576 216992    0    0     0     0  314 705715 15 85  0  0  0

10  0 101964  12636 188576 217024    0    0     0   624  442 726781 15 85  0  0  0

 6  0 101964  12636 188576 217024    0    0     0     0  309 715586 14 86  0  0  0

12  0 101964  12544 188576 217024    0    0     0     0  326 706901 17 83  0  0  0

 0  0 101964  31940 188312 209140    0    0   684     0  219 252574  5 35 60  0  0
