
[ 1s ] thds: 500 eps: 6049.34 lat (ms,95%): 272.27
[ 2s ] thds: 500 eps: 6392.94 lat (ms,95%): 277.21
[ 3s ] thds: 500 eps: 6291.17 lat (ms,95%): 262.64
[ 4s ] thds: 500 eps: 6347.95 lat (ms,95%): 277.21
[ 5s ] thds: 500 eps: 6156.01 lat (ms,95%): 282.25
[ 6s ] thds: 500 eps: 6238.17 lat (ms,95%): 314.45
 7  0 113484  56788  99128 252368    5    8    78   284   77   72  1  0 99  0  0

 7  0 113484  56820  99128 252424    0    0     0     0  362 669793 12 88  0  0  0

10  0 113484  56820  99128 252424    0    0     0     0  334 648991 13 87  0  0  0

 5  0 113484  56660  99128 252424    0    0     0     0  345 652569 17 83  0  0  0

 8  0 113484  56660  99128 252424    0    0     0     0  331 656698 18 82  0  0  0

 0  0 113484  77132  98652 244080    0    0     0     0  311 509401 14 68 18  0  0
