
[ 2s ] thds: 1 eps: 10.96 lat (ms,95%): 94.10
[ 4s ] thds: 1 eps: 11.50 lat (ms,95%): 87.56
[ 6s ] thds: 1 eps: 11.50 lat (ms,95%): 87.56
[ 8s ] thds: 1 eps: 12.00 lat (ms,95%): 87.56
[ 10s ] thds: 1 eps: 11.50 lat (ms,95%): 87.56
 1  0 101828  76796 131848 229132    0    0     0     0  287  151 100  0  0  0  0

 1  0 101828  76796 131860 229140    0    0     0     0  285  159 100  0  0  0  0

 1  0 101572  76828 131792 229216    0    0     0    20  284  174 100  1  0  0  0

 1  0 101572  76828 131792 229216    0    0     0     0  282  173 100  0  0  0  0

 0  0 101572 102660 119512 216544    4    0  3706   420  701 1813 72  6 20  3  0
