
[ 1s ] 12092.53 MiB/sec
[ 2s ] 12586.02 MiB/sec
[ 3s ] 12710.02 MiB/sec
[ 4s ] 12650.01 MiB/sec
[ 5s ] 12645.68 MiB/sec
[ 6s ] 12457.29 MiB/sec
[ 7s ] 12244.63 MiB/sec
[ 8s ] 12292.32 MiB/sec
Total operations: 102400 (12452.19 per second)

102400.00 MiB transferred (12452.19 MiB/sec)


General statistics:
total time:                          8.2218s
total number of events:              102400

Latency (ms):
min:                                    0.08
avg:                                    0.08
max:                                    3.43
95th percentile:                        0.10
sum:                                 8165.20

Threads fairness:
events (avg/stddev):           102400.0000/0.00
execution time (avg/stddev):   8.1652/0.00


 1  0 110896  68004 156040 197608  452    0   452     0  419  564 100  0  0  0  0

 1  0 110896  68036 156052 197620    4    0     4     0  329  340 100  0  0  0  0

 1  0 110896  68036 156052 197620    0    0     0     0  323  300 98  2  0  0  0

 1  0 110896  68036 156052 197676    4    0     4     0  335  355 100  0  0  0  0

 1  0 110896  68036 156036 197684    4    0     4    44  331  339 99  1  0  0  0

 1  0 110896  68068 156040 197692    8    0     8     0  327  310 99  1  0  0  0

 1  0 110896  68068 156040 197692    4    0     4     0  331  314 99  1  0  0  0

 1  0 110896  67908 156040 197692    0    0     0     0  330  327 99  1  0  0  0
