
[ 1s ] 12331.03 MiB/sec
[ 2s ] 12647.57 MiB/sec
[ 3s ] 12673.95 MiB/sec
[ 4s ] 12560.98 MiB/sec
[ 5s ] 12543.21 MiB/sec
[ 6s ] 11626.13 MiB/sec
[ 7s ] 11144.37 MiB/sec
[ 8s ] 10699.95 MiB/sec
Total operations: 102400 (12030.15 per second)

102400.00 MiB transferred (12030.15 MiB/sec)


General statistics:
total time:                          8.5103s
total number of events:              102400

Latency (ms):
min:                                    0.08
avg:                                    0.08
max:                                   38.76
95th percentile:                        0.10
sum:                                 8449.17

Threads fairness:
events (avg/stddev):           102400.0000/0.00
execution time (avg/stddev):   8.4492/0.00


 1  0  96124  75568 165728 189072    0    0     0     0  318  261 100  0  0  0  0

 1  0  96124  75568 165728 189072    0    0     0     0  300  238 99  1  0  0  0

 1  0  96124  75568 165728 189072    0    0     0     0  300  238 99  1  0  0  0

 1  0  96124  75476 165728 189072    0    0     0     0  308  277 100  0  0  0  0

 1  0  96124  75476 165724 189112    0    0     0   108  321  268 100  0  0  0  0

 1  0  96124  75492 165732 189108    0    0     0   368  354  325 99  1  0  0  0

 1  0  96124  75500 165732 189120    0    0     0     0  281  253 100  0  0  0  0

 1  0  96124  75532 165732 189120    0    0     0     0  276  258 100  0  0  0  0
