
[ 1s ] 12256.37 MiB/sec
[ 2s ] 12569.85 MiB/sec
[ 3s ] 12576.96 MiB/sec
[ 4s ] 12519.05 MiB/sec
[ 5s ] 12481.05 MiB/sec
[ 6s ] 12282.02 MiB/sec
[ 7s ] 12374.01 MiB/sec
[ 8s ] 12477.92 MiB/sec
Total operations: 102400 (12447.97 per second)

102400.00 MiB transferred (12447.97 MiB/sec)


General statistics:
total time:                          8.2246s
total number of events:              102400

Latency (ms):
min:                                    0.08
avg:                                    0.08
max:                                    8.17
95th percentile:                        0.10
sum:                                 8166.84

Threads fairness:
events (avg/stddev):           102400.0000/0.00
execution time (avg/stddev):   8.1668/0.00


 1  0  99288  69520 149628 212964    8    0     8     0  309  286 100  0  0  0  0

 1  0  99288  69552 149644 213032   12    0    12     0  307  287 99  1  0  0  0

 1  0  99288  69552 149644 213032    4    0     4     0  306  289 100  0  0  0  0

 1  0  99288  69584 149644 213032    8    0     8     0  302  266 100  0  0  0  0

 1  0  99288  69584 149644 213032    0    0     0     0  305  290 100  0  0  0  0

 1  0  99288  68716 149980 213480   24    0   632    36  392  436 100  0  0  0  0

 1  0  99288  68748 149980 213496   12    0    12     0  307  284 99  1  0  0  0

 1  0  99288  68748 149980 213496    0    0     0     0  302  271 98  2  0  0  0
