
[ 1s ] 12030.73 MiB/sec
[ 2s ] 12316.00 MiB/sec
[ 3s ] 12286.34 MiB/sec
[ 4s ] 12347.11 MiB/sec
[ 5s ] 12247.98 MiB/sec
[ 6s ] 12270.92 MiB/sec
[ 7s ] 12397.95 MiB/sec
[ 8s ] 12406.96 MiB/sec
Total operations: 102400 (12292.90 per second)

102400.00 MiB transferred (12292.90 MiB/sec)


General statistics:
total time:                          8.3283s
total number of events:              102400

Latency (ms):
min:                                    0.08
avg:                                    0.08
max:                                    5.37
95th percentile:                        0.11
sum:                                 8266.95

Threads fairness:
events (avg/stddev):           102400.0000/0.00
execution time (avg/stddev):   8.2669/0.00


 1  0 101860  67600 142096 224624    0    0     0     0  302  247 100  0  0  0  0

 1  0 101860  67600 142096 224624    0    0     0     0  299  242 99  1  0  0  0

 1  0 101860  67600 142096 224624    0    0     0     0  299  230 100  0  0  0  0

 1  0 101860  67600 142096 224624    0    0     0     0  306  278 100  0  0  0  0

 1  0 101860  67632 142096 224652    0    0     0    60  309  263 99  1  0  0  0

 1  0 101860  67632 142096 224660    0    0     0    32  307  290 99  1  0  0  0

 1  0 101860  67632 142096 224660    0    0     0     0  296  243 100  0  0  0  0

 1  0 101860  67632 142096 224660    0    0     0     0  300  270 99  1  0  0  0
