
[ 1s ] 12268.94 MiB/sec
[ 2s ] 12378.55 MiB/sec
[ 3s ] 11920.90 MiB/sec
[ 4s ] 12510.18 MiB/sec
[ 5s ] 12449.95 MiB/sec
[ 6s ] 12365.08 MiB/sec
[ 7s ] 12353.89 MiB/sec
[ 8s ] 12167.86 MiB/sec
Total operations: 102400 (12298.05 per second)

102400.00 MiB transferred (12298.05 MiB/sec)


General statistics:
total time:                          8.3248s
total number of events:              102400

Latency (ms):
min:                                    0.08
avg:                                    0.08
max:                                    3.24
95th percentile:                        0.11
sum:                                 8264.18

Threads fairness:
events (avg/stddev):           102400.0000/0.00
execution time (avg/stddev):   8.2642/0.00


 1  0 102240  69228 129728 234764    0    0     0     0  312  254 100  0  0  0  0

 1  0 102240  69228 129728 234764    0    0     0     0  293  234 100  0  0  0  0

 1  0 102240  69228 129728 234764    0    0     0     0  295  227 99  1  0  0  0

 1  0 102240  69260 129728 234764    0    0     0     0  294  237 100  0  0  0  0

 1  0 102240  69260 129724 234800    0    0     0    48  300  250 100  0  0  0  0

 1  0 102240  69260 129724 234808    0    0     0     0  296  255 99  1  0  0  0

 1  0 102240  69260 129724 234808    0    0     0     0  297  257 100  0  0  0  0

 1  0 102240  69260 129724 234808    0    0     0     0  294  240 99  1  0  0  0
