
[ 1s ] 12514.06 MiB/sec
[ 2s ] 12644.15 MiB/sec
[ 3s ] 12734.10 MiB/sec
[ 4s ] 12751.02 MiB/sec
[ 5s ] 12565.01 MiB/sec
[ 6s ] 12008.83 MiB/sec
[ 7s ] 12378.07 MiB/sec
[ 8s ] 12569.89 MiB/sec
Total operations: 102400 (12514.76 per second)

102400.00 MiB transferred (12514.76 MiB/sec)


General statistics:
total time:                          8.1806s
total number of events:              102400

Latency (ms):
min:                                    0.08
avg:                                    0.08
max:                                   21.96
95th percentile:                        0.09
sum:                                 8124.60

Threads fairness:
events (avg/stddev):           102400.0000/0.00
execution time (avg/stddev):   8.1246/0.00


 1  0 101992  72628 113636 247704    0    0     0     0  313  230 100  0  0  0  0

 1  0 101992  72628 113636 247704    0    0     0     0  294  247 100  0  0  0  0

 1  0 101992  72628 113636 247704    0    0     0     0  293  223 99  1  0  0  0

 1  0 101992  72628 113636 247740    0    0     0     0  297  251 100  0  0  0  0

 1  0 101992  72628 113636 247740    0    0     0    44  300  259 99  1  0  0  0

 2  0 101992  71496 113608 248692    0    0   172     0  291  292 100  0  0  0  0

 1  0 101992  70404 113728 249428   12    0   348     0  312  356 100  0  0  0  0

 1  0 101992  70404 113728 249428    0    0     0     0  299  285 99  1  0  0  0
