
[ 1s ] 12117.40 MiB/sec
[ 2s ] 12231.93 MiB/sec
[ 3s ] 12076.90 MiB/sec
[ 4s ] 12322.97 MiB/sec
[ 5s ] 12292.70 MiB/sec
[ 6s ] 12248.42 MiB/sec
[ 7s ] 12178.83 MiB/sec
[ 8s ] 11753.12 MiB/sec
Total operations: 102400 (12158.73 per second)

102400.00 MiB transferred (12158.73 MiB/sec)


General statistics:
total time:                          8.4202s
total number of events:              102400

Latency (ms):
min:                                    0.08
avg:                                    0.08
max:                                    2.86
95th percentile:                        0.11
sum:                                 8352.83

Threads fairness:
events (avg/stddev):           102400.0000/0.00
execution time (avg/stddev):   8.3528/0.00


 1  0 102020  69280 165372 197832    0    0     0     0  320  239 100  0  0  0  0

 1  0 102020  69280 165372 197888    4    0     8     0  309  269 99  1  0  0  0

 2  0 102020  69312 165372 197888    0    0     0     0  305  242 99  1  0  0  0

 1  0 102020  69312 165372 197888    0    0     0     0  303  242 100  0  0  0  0

 1  0 102020  69344 165344 197916    0    0     0    52  311  260 98  2  0  0  0

 1  0 102020  69344 165336 197944    0    0     0     0  304  263 99  1  0  0  0

 1  0 102020  69376 165336 197944    0    0     0     0  303  258 99  1  0  0  0

 1  0 102020  69376 165336 197944    0    0     0     0  305  301 99  1  0  0  0
