
[ 1s ] 12403.08 MiB/sec
[ 2s ] 12711.53 MiB/sec
[ 3s ] 11557.11 MiB/sec
[ 4s ] 12550.81 MiB/sec
[ 5s ] 12579.87 MiB/sec
[ 6s ] 12460.01 MiB/sec
[ 7s ] 12676.31 MiB/sec
[ 8s ] 12742.01 MiB/sec
Total operations: 102400 (12464.62 per second)

102400.00 MiB transferred (12464.62 MiB/sec)


General statistics:
total time:                          8.2135s
total number of events:              102400

Latency (ms):
min:                                    0.08
avg:                                    0.08
max:                                   22.13
95th percentile:                        0.10
sum:                                 8155.06

Threads fairness:
events (avg/stddev):           102400.0000/0.00
execution time (avg/stddev):   8.1551/0.00


 1  0 100008  66576 128368 239936    0    0     0     0  308  223 99  1  0  0  0

 1  0 100008  66576 128368 239936    0    0     0     0  292  235 100  0  0  0  0

 1  0 100008  66576 128368 239936    0    0     0     0  281  227 100  0  0  0  0

 1  0 100008  66452 128368 239964    0    0     0     0  295  248 100  0  0  0  0

 1  0 100008  66452 128368 239964    0    0     0    40  297  259 99  1  0  0  0

 1  0 100008  66452 128368 239972    0    0     0     0  290  242 100  0  0  0  0

 1  0 100008  66452 128368 239972    0    0     0     0  291  249 100  0  0  0  0

 1  0 100008  66452 128368 239972    0    0     0     0  291  250 100  0  0  0  0
