
[ 1s ] 12175.19 MiB/sec
[ 2s ] 12697.03 MiB/sec
[ 3s ] 12520.81 MiB/sec
[ 4s ] 12721.20 MiB/sec
[ 5s ] 12208.32 MiB/sec
[ 6s ] 12177.75 MiB/sec
[ 7s ] 12213.95 MiB/sec
[ 8s ] 12565.57 MiB/sec
Total operations: 102400 (12413.93 per second)

102400.00 MiB transferred (12413.93 MiB/sec)


General statistics:
total time:                          8.2471s
total number of events:              102400

Latency (ms):
min:                                    0.08
avg:                                    0.08
max:                                   26.81
95th percentile:                        0.10
sum:                                 8182.92

Threads fairness:
events (avg/stddev):           102400.0000/0.00
execution time (avg/stddev):   8.1829/0.00


 2  0 100144  66668 156332 212240  272    0   272     0  355  369 100  0  0  0  0

 1  0 100144  66668 156348 212240    0    0     0     0  288  216 100  0  0  0  0

 1  0 100144  66668 156348 212296    0    0     0     0  291  217 100  0  0  0  0

 1  0 100144  66668 156348 212296    0    0     0     0  292  222 99  1  0  0  0

 4  0  99888  66172 156264 212772  248    0   400    40  348  412 99  1  0  0  0

 1  0  99888  66172 156292 212848   76    0    76     0  310  301 100  0  0  0  0

 1  0  99888  66172 156292 212848    0    0     0     0  290  228 100  0  0  0  0

 1  0  99888  66172 156292 212848    0    0     0     0  291  244 99  1  0  0  0
