
[ 1s ] 12361.54 MiB/sec
[ 2s ] 12306.95 MiB/sec
[ 3s ] 12546.02 MiB/sec
[ 4s ] 12590.92 MiB/sec
[ 5s ] 12679.16 MiB/sec
[ 6s ] 12708.96 MiB/sec
[ 7s ] 12715.99 MiB/sec
[ 8s ] 12576.04 MiB/sec
Total operations: 102400 (12557.53 per second)

102400.00 MiB transferred (12557.53 MiB/sec)


General statistics:
total time:                          8.1528s
total number of events:              102400

Latency (ms):
min:                                    0.08
avg:                                    0.08
max:                                    3.23
95th percentile:                        0.09
sum:                                 8095.65

Threads fairness:
events (avg/stddev):           102400.0000/0.00
execution time (avg/stddev):   8.0956/0.00


 1  0  95696  64368 183200 182392    0    0     0     0  320  245 99  1  0  0  0

 1  0  95696  64368 183200 182392    0    0     0     0  298  256 100  0  0  0  0

 1  0  95696  64400 183200 182392    0    0     4     0  309  237 100  0  0  0  0

 1  0  95696  64432 183200 182416    0    0     0     0  316  266 98  2  0  0  0

 1  0  95696  64432 183200 182416    0    0     0    44  303  244 100  0  0  0  0

 1  0  95696  64464 183200 182424    0    0     0     0  297  229 100  0  0  0  0

 1  0  95696  64464 183200 182424    0    0     0     0  298  252 100  0  0  0  0

 1  0  95696  64340 183200 182424    0    0     0     0  302  256 98  2  0  0  0
