
[ 1s ] 11997.63 MiB/sec
[ 2s ] 12827.04 MiB/sec
[ 3s ] 12418.75 MiB/sec
[ 4s ] 12250.17 MiB/sec
[ 5s ] 12319.09 MiB/sec
[ 6s ] 12374.79 MiB/sec
[ 7s ] 11515.46 MiB/sec
[ 8s ] 12277.85 MiB/sec
Total operations: 102400 (12253.32 per second)

102400.00 MiB transferred (12253.32 MiB/sec)


General statistics:
total time:                          8.3552s
total number of events:              102400

Latency (ms):
min:                                    0.08
avg:                                    0.08
max:                                    3.33
95th percentile:                        0.11
sum:                                 8293.15

Threads fairness:
events (avg/stddev):           102400.0000/0.00
execution time (avg/stddev):   8.2932/0.00


 1  0 101248  74028 135312 225208    0    0     0     0  310  255 100  0  0  0  0

 1  0 101248  74028 135312 225208    0    0     0     0  294  211 100  0  0  0  0

 1  0 101248  74028 135312 225208    0    0     0     0  292  249 100  0  0  0  0

 1  0 101248  74028 135312 225208    0    0     0     0  294  218 100  0  0  0  0

 1  0 101248  74028 135312 225236    0    0     0    40  300  253 99  1  0  0  0

 1  0 101248  74028 135296 225272    0    0     0     0  294  238 100  0  0  0  0

 2  0 101248  74028 135296 225272    0    0     0     0  295  257 99  1  0  0  0

 1  0 101248  74028 135296 225272    0    0     0     0  295  240 100  0  0  0  0
