
[ 1s ] 11985.08 MiB/sec
[ 2s ] 12454.20 MiB/sec
[ 3s ] 12450.14 MiB/sec
[ 4s ] 12429.15 MiB/sec
[ 5s ] 12123.71 MiB/sec
[ 6s ] 11707.26 MiB/sec
[ 7s ] 12318.76 MiB/sec
[ 8s ] 12346.00 MiB/sec
Total operations: 102400 (12224.92 per second)

102400.00 MiB transferred (12224.92 MiB/sec)


General statistics:
total time:                          8.3745s
total number of events:              102400

Latency (ms):
min:                                    0.08
avg:                                    0.08
max:                                    7.18
95th percentile:                        0.11
sum:                                 8309.76

Threads fairness:
events (avg/stddev):           102400.0000/0.00
execution time (avg/stddev):   8.3098/0.00


 1  0 109948  61760 128660 232464    0    0     0     0  339  317 99  1  0  0  0

 1  0 109948  61792 128660 232464    0    0     0     0  323  284 100  0  0  0  0

 1  0 109948  61792 128660 232464    0    0     0     0  323  295 100  0  0  0  0

 1  0 109948  61824 128660 232492    4    0     4    64  334  325 100  0  0  0  0

 1  0 109948  61824 128660 232508    4    0     4     0  326  297 99  1  0  0  0

 1  0 109948  61856 128660 232508    0    0     0     0  329  314 100  0  0  0  0

 1  0 109948  61856 128660 232508    0    0     0     0  327  314 99  1  0  0  0

 1  0 109948  61632 128660 232508    0    0     0   244  377  292 99  1  0  0  0
