
[ 1s ] thds: 500 eps: 5531.53 lat (ms,95%): 287.38
[ 2s ] thds: 500 eps: 5592.26 lat (ms,95%): 303.33
[ 3s ] thds: 500 eps: 5199.99 lat (ms,95%): 344.08
[ 4s ] thds: 500 eps: 6272.08 lat (ms,95%): 356.70
[ 5s ] thds: 500 eps: 5643.28 lat (ms,95%): 297.92
[ 6s ] thds: 500 eps: 5061.34 lat (ms,95%): 344.08
[ 7s ] thds: 500 eps: 5160.22 lat (ms,95%): 356.70
[ 8s ] thds: 500 eps: 5763.06 lat (ms,95%): 308.84
[ 9s ] thds: 500 eps: 5491.01 lat (ms,95%): 303.33
[ 10s ] thds: 500 eps: 5438.79 lat (ms,95%): 320.17

General statistics:
total time:                          10.1090s
 8  0 111052  47916 121768 239968    8    0     8     0  342 598436 11 89  0  0  0

 9  0 111052  47916 121768 239968    0    0     0     0  332 611378 11 89  0  0  0

11  0 111052  47948 121768 239996    4    0     4     0  329 571670 16 84  0  0  0

10  0 111052  47948 121752 240040    4    0     4     0  333 597421 15 85  0  0  0

 9  0 111052  47948 121736 240068    8    0     8    32  335 611915 14 86  0  0  0

 7  0 111052  47948 121736 240068    0    0     0     0  327 534053 14 86  0  0  0

10  0 111052  47980 121736 240068    4    0     4     0  330 539020 16 84  0  0  0

 9  0 111052  47980 121736 240068    0    0     0     0  328 616441 11 89  0  0  0

10  0 111052  47820 121736 240068    4    0     4     0  335 601050 17 83  0  0  0

10  0 111052  48436 121736 240068    0    0     0    88  351 586333 14 86  0  0  0
