
[ 2s ] thds: 1 eps: 10.94 lat (ms,95%): 89.16
[ 4s ] thds: 1 eps: 12.00 lat (ms,95%): 87.56
[ 6s ] thds: 1 eps: 11.50 lat (ms,95%): 86.00
[ 8s ] thds: 1 eps: 11.50 lat (ms,95%): 87.56
[ 10s ] thds: 1 eps: 11.50 lat (ms,95%): 87.56
 1  0 101644  73984 128156 234724    6    0     6     0  296  192 100  0  0  0  0

 1  0 101644  73892 128164 234724    0    0     0    24  287  196 100  0  0  0  0

 1  0 101644  73892 128164 234732    0    0     0     0  283  191 100  0  0  0  0

 1  0 101644  73892 128164 234732    0    0     0     0  284  193 100  0  0  0  0

 0  0 101644 100792 122320 214444   28    0  3090   286  583 1912 10  6 83  2  0
