
[ 1s ] thds: 1 eps: 11.90 lat (ms,95%): 80.03
[ 2s ] thds: 1 eps: 13.01 lat (ms,95%): 77.19
[ 3s ] thds: 1 eps: 13.00 lat (ms,95%): 80.03
[ 4s ] thds: 1 eps: 13.00 lat (ms,95%): 80.03
[ 5s ] thds: 1 eps: 13.00 lat (ms,95%): 80.03
[ 6s ] thds: 1 eps: 13.00 lat (ms,95%): 81.48
[ 7s ] thds: 1 eps: 13.00 lat (ms,95%): 77.19
[ 8s ] thds: 1 eps: 13.00 lat (ms,95%): 77.19
[ 9s ] thds: 1 eps: 13.00 lat (ms,95%): 77.19
[ 10s ] thds: 1 eps: 13.00 lat (ms,95%): 77.19
 1  0 109224  21092 218848 181532    0    0     0     0  336  272 99  1  0  0  0

 6  0 109224  21124 218848 181532    0    0     0     0  322  280 100  0  0  0  0

 1  0 109224  21124 218848 181560    0    0     0    64  342  328 100  0  0  0  0

 1  0 109224  21124 218848 181568    0    0     0     0  375  385 100  0  0  0  0

 1  0 109224  21156 218848 181568    0    0     0     0  327  288 99  1  0  0  0

 1  0 109224  21156 218848 181568    0    0     0     0  320  279 99  1  0  0  0

 1  0 109224  21188 218852 181572    4    0     4     0  316  238 99  1  0  0  0

 1  0 109224  21188 218852 181572    4    0     4     0  319  279 100  0  0  0  0

 1  0 109224  21220 218852 181572    8    0     8     0  326  298 99  1  0  0  0

 0  0 109224  22400 219100 179728    4    0   884     0  335  335 98  0  1  1  0
