
[ 2s ] thds: 1 eps: 11.42 lat (ms,95%): 92.42
[ 4s ] thds: 1 eps: 11.50 lat (ms,95%): 86.00
[ 6s ] thds: 1 eps: 11.50 lat (ms,95%): 94.10
[ 8s ] thds: 1 eps: 11.50 lat (ms,95%): 86.00
[ 10s ] thds: 1 eps: 11.50 lat (ms,95%): 90.78
 1  0 101548  69324 133348 233760    0    0     0     0  287  211 100  0  0  0  0

 1  0 101548  67108 133560 235348    0    0   272    20  309  304 100  0  0  0  0

 1  0 101548  67108 133572 235372    0    0     0     0  284  203 100  0  0  0  0

 1  0 101548  68240 132560 235132    0    0    10    32  295  232 100  1  0  0  0

 0  0 101548 100264 117444 219724   92    0   980   500  567 1816  9  6 83  2  0
