
[ 2s ] thds: 1 eps: 17.48 lat (ms,95%): 62.19
[ 4s ] thds: 1 eps: 18.50 lat (ms,95%): 58.92
[ 6s ] thds: 1 eps: 19.00 lat (ms,95%): 56.84
[ 8s ] thds: 1 eps: 19.00 lat (ms,95%): 55.82
[ 10s ] thds: 1 eps: 19.00 lat (ms,95%): 54.83
CPU speed:
 2  0      0 2203804 1734868 3848332    0    0     0  1070 2799 5539 51 11 38  0  0

 1  0      0 2203804 1734868 3849352    0    0     0     0 1248 1878 52  3 45  0  0

 5  0      0 2203804 1734868 3849352    0    0     0    96 1138 1351 50  1 49  0  0

 3  0      0 2203804 1734868 3849328    0    0     0     0 1041 1269 51  1 48  0  0

 1  0      0 2203804 1734868 3849328    0    0     0     0 1007 1210 51  1 49  0  0
